2 080
2 081
0 0d0
2 082
0 060
2 083
2 085
0 0d0
2 086
0 0d1
0 628
2 087
2 089
0 0d0
2 08a
0 061
0 629
2 08b
2 08d
0 0d0
2 08e
0 0d2
0 062
2 08f
2 091
0 0d0
2 092
0 008
1 008
0 0b8
2 093
2 095
0 0d0
2 096
0 009
1 009
0 178
2 097
2 099
0 0d0
2 09a
0 00a
1 00a
0 078
2 09b
2 09d
0 0d0
2 09e
0 00b
1 00b
0 e18
2 09f
2 0a1
0 063
2 100
0 068
2 101
2 103
0 151
0 62a
2 104
2 106
0 069
0 62b
2 107
2 109
0 154
0 06a
2 10a
2 10c
0 008
1 008
0 0b9
2 10d
2 10f
0 009
1 009
0 179
2 110
2 112
0 00a
1 00a
0 079
2 113
2 115
0 00b
1 00b
0 e19
2 116
2 118
0 06b
1 06b
2 11a
0 152
0 62c
1 62c
2 11c
0 06c
0 62d
1 62d
2 11e
0 155
0 06d
1 06d
2 120
0 008
1 008
0 0ba
1 0ba
2 122
0 009
1 009
0 17a
1 17a
2 124
0 00a
1 00a
0 07a
1 07a
2 126
0 00b
1 00b
0 e1a
1 e1a
2 128
2 129
0 150
2 12a
1 06e
2 12b
2 12d
0 150
2 12e
0 153
1 62e
2 12f
2 131
0 150
2 132
0 06f
1 62f
2 133
2 135
0 150
2 136
0 156
1 070
2 137
2 139
0 150
2 13a
0 008
1 008
1 0bb
2 13b
2 13d
0 150
2 13e
0 009
1 009
1 17b
2 13f
2 141
0 150
2 142
0 00a
1 00a
1 07b
2 143
2 145
0 150
2 146
0 00b
1 00b
1 e1b
2 147
2 149
2 14a
2 14b
